res	aa	Beta	Turn	Helix	Aggregation	Conc-Stab_Aggregation
01	  G	  0.2	  0.0	0.000	0.000	0.000
02	  C	  0.6	  0.0	0.000	0.000	0.000
03	  A	  1.1	  0.0	0.000	0.000	0.000
04	  Y	  2.3	  0.3	0.000	0.000	0.000
05	  Q	  2.3	  0.3	0.000	0.000	0.000
06	  D	  1.8	  0.5	0.000	0.000	0.000
07	  V	  0.8	  0.5	0.000	0.000	0.000
08	  G	  0.5	  0.2	0.000	0.000	0.000
09	  V	 11.6	  0.1	0.000	0.000	0.000
10	  T	 11.6	  0.0	0.000	0.000	0.000
11	  C	 11.5	  0.3	0.337	0.000	0.000
12	  P	  0.4	  0.4	0.337	0.000	0.000
13	  E	  0.1	  0.5	0.337	0.000	0.000
14	  Q	  0.2	  0.6	0.337	0.000	0.000
15	  D	  0.3	  0.4	0.469	0.000	0.000
16	  K	  0.9	  0.3	0.469	0.000	0.000
17	  Y	  1.3	  0.2	0.358	0.000	0.000
18	  R	  2.0	  0.2	0.132	0.000	0.000
19	  T	 13.1	  0.1	0.132	0.000	0.000
20	  I	 15.0	  0.1	0.132	0.000	0.000
21	  T	 14.4	  0.1	0.132	0.000	0.000
22	  G	  2.6	  0.1	0.132	0.000	0.000
23	  M	  0.4	  0.1	0.132	0.000	0.000
24	  C	  0.6	  0.2	0.000	0.000	0.000
25	  N	  0.6	  0.2	0.000	0.000	0.000
26	  N	  0.3	  0.3	0.000	0.000	0.000
27	  R	  0.7	  0.2	0.000	0.000	0.000
28	  R	  0.7	  0.1	0.000	0.000	0.000
29	  S	  0.7	  0.5	0.000	0.000	0.000
30	  P	  0.1	  0.5	0.000	0.000	0.000
31	  T	  0.1	  0.5	0.000	0.000	0.000
32	  L	  0.2	  0.6	0.000	0.000	0.000
33	  G	  0.2	  0.5	0.377	0.000	0.000
34	  A	  0.1	  0.7	0.377	0.000	0.000
35	  S	  0.0	  0.7	0.377	0.000	0.000
36	  N	  0.0	  0.6	0.377	0.000	0.000
37	  R	  0.3	  0.3	0.377	0.000	0.000
38	  A	  0.7	  0.0	0.377	0.000	0.000
39	  F	  2.3	  0.0	0.377	0.000	0.000
40	  V	  4.0	  0.0	0.000	0.000	0.000
41	  R	  4.6	  0.0	0.000	0.000	0.000
42	  W	  3.0	  0.0	0.000	0.000	0.000
43	  L	  1.0	  0.0	0.000	0.000	0.000
44	  P	  0.1	  0.0	0.000	0.000	0.000
45	  A	  0.1	  0.0	0.000	0.000	0.000
46	  E	  1.0	  0.0	0.000	0.000	0.000
47	  Y	  1.7	  0.9	0.000	0.000	0.000
48	  E	  1.6	  1.0	0.000	0.000	0.000
49	  D	  0.8	  1.0	0.000	0.000	0.000
50	  G	  0.1	  1.0	0.000	0.000	0.000
51	  F	  6.6	  0.2	0.000	0.000	0.000
52	  S	  6.7	  0.0	0.000	0.000	0.000
53	  L	  6.7	  0.4	0.000	0.000	0.000
54	  P	  0.1	  0.5	0.000	0.000	0.000
55	  Y	  0.2	  0.5	0.000	0.000	0.000
56	  G	  0.4	  0.5	0.000	0.000	0.000
57	  W	  0.8	  0.1	0.000	0.000	0.000
58	  T	  0.6	  1.2	0.630	0.000	0.000
59	  P	  0.4	  1.2	0.630	0.000	0.000
60	  G	  0.1	  1.2	0.630	0.000	0.000
61	  V	  2.0	  1.3	0.630	0.000	0.000
62	  K	  2.1	  0.5	0.630	0.000	0.000
63	  R	  2.1	  0.9	0.630	0.000	0.000
64	  N	  0.2	  0.9	0.630	0.000	0.000
65	  G	  0.1	  0.9	0.299	0.000	0.000
66	  F	  0.1	  0.4	0.148	0.000	0.000
67	  P	  0.0	  0.0	0.253	0.000	0.000
68	  V	  3.6	  0.0	0.253	0.000	0.000
69	  A	  3.7	  0.0	0.253	0.000	0.000
70	  L	  3.7	  0.0	0.253	0.000	0.000
71	  A	  0.2	  0.0	0.253	0.000	0.000
72	  R	  0.4	  0.0	0.253	0.000	0.000
73	  A	  0.9	  0.0	0.000	0.000	0.000
74	  V	  1.1	  0.1	0.000	0.000	0.000
75	  S	  0.9	  0.1	0.209	0.000	0.000
76	  N	  0.3	  0.1	0.802	0.000	0.000
77	  E	  0.4	  0.1	0.802	0.000	0.000
78	  I	  5.3	  0.0	0.802	0.000	0.000
79	  V	  8.8	  0.0	0.802	0.000	0.000
80	  R	  8.6	  0.0	0.802	0.000	0.000
81	  F	  3.8	  0.3	0.802	0.000	0.000
82	  P	  0.1	  0.4	0.000	0.000	0.000
83	  T	  0.4	  0.4	0.000	0.000	0.000
84	  D	  0.4	  0.5	0.000	0.000	0.000
85	  Q	  2.0	  0.2	0.000	0.000	0.000
86	  L	  1.7	  0.1	0.000	0.000	0.000
87	  T	  1.7	  1.0	0.000	0.000	0.000
88	  P	  0.2	  0.9	0.000	0.000	0.000
89	  D	  0.1	  1.1	1.297	0.000	0.000
90	  Q	  0.2	  1.1	1.297	0.000	0.000
91	  E	  0.5	  0.3	1.297	0.000	0.000
92	  R	  0.9	  0.3	1.297	0.000	0.000
93	  S	  1.0	  0.1	1.848	2.047	2.047
94	  L	  1.4	  0.1	1.848	2.595	2.595
95	  M	  1.8	  0.0	1.681	2.750	2.750
96	  F	  2.5	  0.0	1.443	2.750	2.750
97	  M	  3.6	  0.0	1.104	2.750	2.750
98	  Q	  2.8	  0.2	1.104	0.988	0.988
99	  W	  1.9	  0.3	0.686	0.988	0.988
100	  G	  0.2	  0.3	0.686	0.241	0.241
101	  Q	  0.7	  0.3	0.303	0.241	0.241
102	  L	  1.0	  0.1	0.000	0.241	0.241
103	  L	  1.2	  0.1	0.000	0.241	0.241
104	  D	  0.7	  0.4	0.000	0.000	0.000
105	  H	  0.5	  0.5	0.000	0.000	0.000
106	  D	  0.3	  1.3	0.000	0.000	0.000
107	  L	  1.6	  1.2	0.000	0.000	0.000
108	  D	  2.9	  0.9	0.000	0.000	0.000
109	  F	  3.4	  0.8	0.000	0.000	0.000
110	  T	  2.2	  0.0	0.000	0.000	0.000
111	  P	  0.7	  0.0	0.000	0.000	0.000
112	  E	  0.0	  0.0	0.601	0.000	0.000
113	  P	  0.0	  0.0	0.738	0.000	0.000
114	  A	  0.1	  0.0	0.738	0.000	0.000
115	  A	  0.1	  0.0	0.738	0.000	0.000
116	  R	  0.3	  0.2	0.738	0.000	0.000
117	  A	  0.9	  0.2	0.738	0.431	0.431
118	  S	  1.8	  0.2	0.577	0.712	0.712
119	  F	  2.5	  0.2	0.200	5.669	5.669
120	  V	  2.5	  0.0	0.000	5.669	5.669
121	  T	  1.6	  0.1	0.000	5.669	5.669
122	  G	  0.8	  0.1	0.000	5.476	5.476
123	  V	  4.1	  0.1	0.000	5.476	5.476
124	  N	  6.0	  0.0	0.111	0.000	0.000
125	  C	  6.1	  0.2	0.111	0.000	0.000
126	  E	  2.5	  0.2	0.111	0.000	0.000
127	  T	  2.3	  0.2	0.111	0.000	0.000
128	  S	  3.6	  0.2	0.111	0.000	0.000
129	  C	  6.3	  0.1	0.111	0.000	0.000
130	  V	  7.2	  0.0	0.000	0.000	0.000
131	  Q	  5.8	  0.0	0.000	0.000	0.000
132	  Q	  3.0	  0.0	0.000	0.000	0.000
133	  P	  0.0	  0.2	0.000	0.000	0.000
134	  P	  0.0	  0.2	0.000	0.000	0.000
135	  C	  0.3	  0.2	0.000	0.000	0.000
136	  F	  0.3	  0.3	0.000	0.000	0.000
137	  P	  0.3	  0.2	0.000	0.000	0.000
138	  L	  3.1	  0.2	0.000	0.000	0.000
139	  K	  3.1	  0.2	0.000	0.000	0.000
140	  I	  3.1	  0.0	0.000	0.000	0.000
141	  P	  0.0	  1.2	0.000	0.000	0.000
142	  P	  0.0	  1.2	0.000	0.000	0.000
143	  N	  0.0	  1.2	0.000	0.000	0.000
144	  D	  0.0	  1.4	1.205	0.000	0.000
145	  P	  0.0	  0.2	1.205	0.000	0.000
146	  R	  2.7	  0.2	1.205	0.000	0.000
147	  I	  3.0	  0.3	1.205	0.000	0.000
148	  K	  3.1	  0.1	1.205	0.000	0.000
149	  N	  0.4	  0.2	1.205	0.000	0.000
150	  Q	  0.2	  0.6	0.665	0.000	0.000
151	  A	  0.1	  0.5	0.000	0.000	0.000
152	  D	  1.7	  0.5	0.000	0.000	0.000
153	  C	  2.0	  0.5	0.000	0.000	0.000
154	  I	  2.0	  0.0	0.000	0.000	0.000
155	  P	  0.4	  0.0	0.000	0.000	0.000
156	  F	  2.0	  0.0	0.000	0.000	0.000
157	  F	  5.6	  0.0	0.000	0.000	0.000
158	  R	  5.7	  0.0	0.000	0.000	0.000
159	  S	  3.7	  0.2	0.000	0.000	0.000
160	  P	  0.1	  0.2	0.000	0.000	0.000
161	  A	  0.0	  0.2	0.000	0.000	0.000
162	  C	  0.0	  3.6	0.000	0.000	0.000
163	  P	  0.0	  3.8	0.000	0.000	0.000
164	  G	  0.0	  4.0	0.000	0.000	0.000
165	  S	  0.0	  4.0	0.150	0.000	0.000
166	  N	  2.3	  0.6	0.150	0.000	0.000
167	  I	 15.1	  0.2	0.150	0.000	0.000
168	  T	 21.2	  0.0	0.150	0.000	0.000
169	  I	 19.2	  0.1	0.150	0.000	0.000
170	  R	  7.2	  0.1	0.150	0.000	0.000
171	  N	  0.7	  0.1	0.000	0.000	0.000
172	  Q	  1.7	  0.1	0.000	0.134	0.134
173	  I	  2.6	  0.0	0.000	0.594	0.594
174	  N	  2.2	  0.0	0.548	0.594	0.594
175	  A	  1.2	  0.0	0.548	1.674	1.674
176	  L	  0.7	  0.1	0.548	2.952	2.952
177	  T	  2.3	  0.1	0.548	2.952	2.952
178	  S	  3.1	  0.1	0.548	2.952	2.952
179	  F	  4.0	  0.1	0.548	2.952	2.952
180	  V	  2.9	  0.1	0.000	2.952	2.952
181	  D	  2.0	  0.9	0.000	0.000	0.000
182	  A	  1.1	  0.9	0.000	0.000	0.000
183	  S	  0.9	  0.9	0.000	0.000	0.000
184	  M	  2.5	  0.8	0.000	0.000	0.000
185	  V	  3.1	  0.0	0.000	0.000	0.000
186	  Y	  2.8	  0.8	0.000	0.000	0.000
187	  G	  1.2	  0.9	0.000	0.000	0.000
188	  S	  0.2	  0.9	0.000	0.000	0.000
189	  E	  0.1	  0.9	0.000	0.000	0.000
190	  E	  0.1	  0.1	1.185	0.000	0.000
191	  P	  0.0	  0.0	1.185	0.000	0.000
192	  L	  0.0	  0.0	1.185	0.000	0.000
193	  A	  0.1	  0.2	1.185	0.000	0.000
194	  R	  0.2	  0.2	1.185	0.000	0.000
195	  N	  0.8	  0.2	1.313	0.000	0.000
196	  L	  1.0	  0.3	0.705	0.000	0.000
197	  R	  1.0	  0.1	0.564	0.000	0.000
198	  N	  0.7	  0.9	0.350	0.000	0.000
199	  M	  0.5	  1.1	0.128	0.000	0.000
200	  S	  0.4	  1.0	0.128	0.000	0.000
201	  N	  0.1	  1.2	0.000	0.000	0.000
202	  Q	  0.1	  0.4	0.000	0.315	0.315
203	  L	  0.2	  0.3	0.000	9.162	9.162
204	  G	  0.2	  0.2	0.514	10.646	10.646
205	  L	  0.3	  0.0	0.514	10.881	10.881
206	  L	  0.6	  0.0	0.514	10.881	10.881
207	  A	  1.0	  0.0	0.514	10.881	10.881
208	  V	  2.5	  0.0	0.514	10.197	10.197
209	  N	  2.5	  0.1	0.514	0.350	0.350
210	  Q	  2.9	  0.1	0.123	0.000	0.000
211	  R	  2.3	  0.1	0.000	0.000	0.000
212	  F	  3.3	  0.3	0.000	0.000	0.000
213	  Q	  2.6	  0.6	0.000	0.000	0.000
214	  D	  1.3	  6.8	0.000	0.000	0.000
215	  N	  0.1	  6.9	0.000	0.000	0.000
216	  G	  0.1	  6.7	0.000	0.000	0.000
217	  R	  0.2	  6.3	0.000	0.000	0.000
218	  A	  0.8	  0.2	0.000	0.000	0.000
219	  L	  0.8	  0.0	0.000	0.000	0.000
220	  L	  0.7	  0.0	0.000	0.000	0.000
221	  P	  0.1	  0.1	0.000	0.000	0.000
222	  F	  0.4	  0.5	0.000	0.000	0.000
223	  D	  0.4	  0.5	0.000	0.000	0.000
224	  N	  0.5	  0.5	0.000	0.000	0.000
225	  L	  0.3	  0.5	0.000	0.000	0.000
226	  H	  0.4	  0.1	0.000	0.000	0.000
227	  D	  0.3	  0.1	0.000	0.000	0.000
228	  D	  0.1	  0.2	0.345	0.000	0.000
229	  P	  0.0	  0.2	0.345	0.000	0.000
230	  C	  1.2	  0.2	0.345	0.000	0.000
231	  L	  1.5	  0.2	0.345	0.000	0.000
232	  L	  1.8	  0.1	0.345	0.000	0.000
233	  T	  0.7	  0.1	0.478	0.000	0.000
234	  N	  0.5	  1.0	0.478	0.000	0.000
235	  R	  0.4	  1.0	0.258	0.000	0.000
236	  S	  1.1	  0.9	0.133	0.000	0.000
237	  A	  2.3	  0.9	0.133	0.000	0.000
238	  R	  2.5	  0.0	0.133	0.000	0.000
239	  I	  1.7	  0.1	0.000	0.000	0.000
240	  P	  0.5	  0.1	0.000	0.000	0.000
241	  C	  1.8	  0.1	0.000	0.000	0.000
242	  F	  2.4	  0.1	0.000	0.000	0.000
243	  L	  2.4	  0.3	0.000	0.000	0.000
244	  A	  0.7	  2.4	0.000	0.000	0.000
245	  G	  0.1	  2.4	0.000	0.000	0.000
246	  D	  0.3	  2.5	0.000	0.000	0.000
247	  T	  2.7	  2.3	0.000	0.000	0.000
248	  R	  2.8	  0.3	0.000	0.000	0.000
249	  S	  2.6	  0.3	0.000	0.000	0.000
250	  S	  0.3	  0.3	0.000	0.000	0.000
251	  E	  0.2	  0.2	0.000	0.000	0.000
252	  M	  0.1	  0.3	0.000	0.000	0.000
253	  P	  0.0	  0.2	0.000	0.000	0.000
254	  E	  0.6	  0.2	0.000	0.000	0.000
255	  L	  1.2	  0.2	0.000	0.000	0.000
256	  T	  1.7	  0.1	0.000	0.000	0.000
257	  S	  1.8	  0.0	1.724	0.000	0.000
258	  M	  1.5	  0.0	1.724	0.137	0.137
259	  H	  2.1	  0.0	1.901	0.137	0.137
260	  T	  2.2	  0.0	2.363	0.137	0.137
261	  L	  2.8	  0.0	2.363	0.137	0.137
262	  L	  1.9	  0.0	2.363	0.137	0.137
263	  L	  1.1	  0.0	2.081	0.137	0.137
264	  R	  0.2	  0.1	1.796	0.000	0.000
265	  E	  0.5	  0.2	1.010	0.000	0.000
266	  H	  0.6	  0.2	0.332	0.000	0.000
267	  N	  0.5	  0.2	1.152	0.000	0.000
268	  R	  0.2	  0.1	1.152	0.000	0.000
269	  L	  0.2	  0.1	1.152	0.000	0.000
270	  A	  0.2	  0.1	1.152	0.000	0.000
271	  T	  0.2	  0.1	1.414	0.000	0.000
272	  E	  1.4	  0.1	1.574	0.000	0.000
273	  L	  1.7	  0.2	1.398	0.000	0.000
274	  K	  1.8	  0.2	1.187	0.000	0.000
275	  S	  5.2	  0.1	0.754	0.000	0.000
276	  L	  4.9	  0.1	0.587	0.000	0.000
277	  N	  4.7	  0.2	0.587	0.000	0.000
278	  P	  0.1	  0.2	0.000	0.000	0.000
279	  R	  2.5	  0.6	0.000	0.000	0.000
280	  W	  2.6	  0.8	0.164	0.000	0.000
281	  D	  2.6	  0.7	1.149	0.000	0.000
282	  G	  0.1	  0.8	2.850	0.000	0.000
283	  E	  0.1	  0.4	3.219	0.000	0.000
284	  R	  0.7	  0.2	3.219	0.000	0.000
285	  L	  0.9	  0.1	3.219	0.000	0.000
286	  Y	  2.0	  0.1	3.459	0.000	0.000
287	  Q	  1.4	  0.1	3.295	0.000	0.000
288	  E	  1.2	  0.1	3.071	0.000	0.000
289	  A	  0.2	  0.1	2.888	0.000	0.000
290	  R	  0.8	  0.1	2.754	0.000	0.000
291	  K	  2.3	  0.0	1.816	0.000	0.000
292	  I	  5.3	  0.0	0.000	16.445	16.445
293	  V	  4.7	  0.3	0.000	20.529	20.529
294	  G	  3.2	  0.3	0.000	21.423	21.423
295	  A	  0.4	  0.3	0.000	31.832	31.832
296	  M	  0.6	  0.3	0.000	43.980	43.980
297	  V	  3.5	  0.0	0.000	53.067	53.067
298	  Q	  3.6	  0.0	0.000	53.186	53.186
299	  I	  6.9	  0.0	0.000	53.186	53.186
300	  I	 18.3	  0.0	0.000	52.835	52.835
301	  T	 28.0	  0.0	0.396	46.453	46.453
302	  Y	 25.2	  0.2	0.396	44.723	44.723
303	  R	 11.8	  0.2	0.396	0.000	0.000
304	  D	  0.9	  0.2	0.396	0.000	0.000
305	  Y	  0.4	  0.2	0.396	0.000	0.000
306	  L	  0.2	  0.0	0.396	0.000	0.000
307	  P	  0.2	  0.0	0.000	0.000	0.000
308	  L	  2.1	  0.0	0.000	0.000	0.000
309	  V	  2.7	  0.0	0.000	0.000	0.000
310	  L	  2.7	  0.1	0.000	0.000	0.000
311	  G	  0.6	  0.5	0.678	0.000	0.000
312	  P	  0.0	  0.5	0.678	0.000	0.000
313	  T	  0.5	  0.5	1.830	0.000	0.000
314	  A	  0.8	  0.4	1.830	0.000	0.000
315	  M	  1.1	  0.1	1.830	0.000	0.000
316	  R	  1.2	  0.1	1.830	0.000	0.000
317	  K	  1.3	  0.1	1.656	0.000	0.000
318	  Y	  1.1	  0.1	1.477	0.000	0.000
319	  L	  0.6	  0.4	0.438	0.000	0.000
320	  P	  0.1	  0.4	0.000	0.000	0.000
321	  T	 11.5	  0.4	0.000	0.000	0.000
322	  Y	 13.2	  0.5	0.000	0.000	0.000
323	  R	 14.6	  0.1	0.000	0.000	0.000
324	  S	 10.9	  0.5	0.000	0.000	0.000
325	  Y	  9.4	  0.5	0.000	0.000	0.000
326	  N	  7.9	  0.7	0.000	0.000	0.000
327	  D	  0.5	  0.7	0.000	0.000	0.000
328	  S	  7.4	  0.3	0.000	0.000	0.000
329	  V	  7.6	  0.3	0.000	0.000	0.000
330	  D	  7.5	  0.2	1.333	0.000	0.000
331	  P	  0.2	  0.2	1.333	0.000	0.000
332	  R	  1.6	  0.2	1.333	0.000	0.000
333	  I	  1.7	  0.3	1.333	1.816	1.816
334	  A	  1.8	  0.1	1.333	1.816	1.816
335	  N	  4.4	  0.1	1.444	1.816	1.816
336	  V	  7.0	  0.1	0.640	2.588	2.588
337	  F	  8.8	  0.1	0.640	2.588	2.588
338	  T	  4.9	  0.1	0.333	1.449	1.449
339	  N	  2.2	  0.1	0.333	0.772	0.772
340	  A	  0.7	  0.1	0.333	0.772	0.772
341	  F	  3.4	  0.0	0.333	0.772	0.772
342	  R	  3.5	  0.1	0.333	0.000	0.000
343	  Y	  3.2	  0.7	0.222	0.000	0.000
344	  G	  0.5	  0.7	0.000	0.000	0.000
345	  H	  1.3	  0.7	0.000	0.000	0.000
346	  T	  1.8	  0.6	0.000	0.000	0.000
347	  L	  1.9	  0.0	0.000	0.000	0.000
348	  I	  1.0	  0.0	0.000	0.000	0.000
349	  Q	  0.4	  0.0	0.000	0.000	0.000
350	  P	  0.1	  0.0	0.000	0.000	0.000
351	  F	  0.9	  0.0	0.000	0.000	0.000
352	  M	  1.0	  0.0	0.000	0.000	0.000
353	  F	  3.1	  0.0	0.000	0.000	0.000
354	  R	  4.4	  0.3	0.000	0.000	0.000
355	  L	  4.3	  0.4	0.000	0.000	0.000
356	  D	  2.3	  0.4	0.000	0.000	0.000
357	  N	  0.2	  0.4	0.000	0.000	0.000
358	  R	  2.8	  0.1	0.000	0.000	0.000
359	  Y	  3.3	  0.0	0.000	0.000	0.000
360	  Q	  3.2	  0.0	0.000	0.000	0.000
361	  P	  0.5	  0.0	0.000	0.000	0.000
362	  M	  0.1	  0.0	0.000	0.000	0.000
363	  E	  0.1	  0.0	0.000	0.000	0.000
364	  P	  0.1	  0.0	0.000	0.000	0.000
365	  N	  0.0	  0.2	0.000	0.000	0.000
366	  P	  0.0	  0.2	0.000	0.000	0.000
367	  R	  0.2	  0.2	0.000	0.000	0.000
368	  V	  0.3	  0.2	0.000	0.000	0.000
369	  P	  0.3	  0.0	0.000	0.000	0.000
370	  L	  0.1	  0.0	0.000	0.000	0.000
371	  S	  0.3	  0.0	0.000	0.000	0.000
372	  R	  3.1	  0.0	0.000	0.000	0.000
373	  V	  5.0	  0.0	0.000	20.786	20.786
374	  F	  6.4	  0.0	0.000	22.347	22.347
375	  F	  4.4	  0.1	0.000	22.501	22.501
376	  A	  2.8	  0.1	0.000	22.501	22.501
377	  S	  5.4	  0.1	0.237	22.501	22.501
378	  W	  6.8	  0.1	0.237	21.420	21.420
379	  R	  8.4	  0.0	0.237	16.037	16.037
380	  V	 11.7	  0.0	0.237	16.037	16.037
381	  V	 10.7	  0.0	0.237	16.037	16.037
382	  L	  8.7	  0.2	0.237	16.037	16.037
383	  E	  1.4	  0.9	0.237	16.037	16.037
384	  G	  0.0	  1.0	0.237	6.949	6.949
385	  G	  0.4	  1.0	0.102	6.218	6.218
386	  I	  0.7	  0.7	0.000	5.734	5.734
387	  D	  0.7	  0.1	1.892	0.000	0.000
388	  P	  0.3	  0.0	1.892	0.000	0.000
389	  I	  2.4	  0.0	1.892	0.000	0.000
390	  L	  2.6	  0.1	1.892	0.000	0.000
391	  R	  2.7	  0.1	1.892	0.000	0.000
392	  G	  0.3	  0.1	1.892	0.000	0.000
393	  L	  0.3	  0.1	0.833	0.000	0.000
394	  M	  0.4	  0.0	0.435	0.000	0.000
395	  A	  0.4	  0.0	0.000	0.000	0.000
396	  T	  0.2	  0.0	1.263	0.000	0.000
397	  P	  0.0	  0.0	1.263	0.000	0.000
398	  A	  0.3	  0.0	1.263	0.000	0.000
399	  K	  1.1	  0.0	1.263	0.000	0.000
400	  L	  1.1	  0.1	1.263	0.000	0.000
401	  N	  0.9	  0.2	1.263	0.000	0.000
402	  R	  1.5	  0.3	0.654	0.000	0.000
403	  Q	  1.7	  0.3	0.257	0.000	0.000
404	  N	  2.2	  0.3	0.277	0.000	0.000
405	  Q	  1.0	  0.1	0.277	0.000	0.000
406	  I	  3.7	  0.0	0.374	0.000	0.000
407	  A	  3.5	  0.0	1.717	0.000	0.000
408	  V	  3.3	  0.0	2.152	0.000	0.000
409	  D	  0.4	  0.0	16.222	0.000	0.000
410	  E	  1.0	  0.0	18.775	0.000	0.000
411	  I	  1.1	  0.0	19.121	0.000	0.000
412	  R	  1.1	  0.1	19.267	0.000	0.000
413	  E	  0.4	  0.1	19.460	0.000	0.000
414	  R	  0.6	  0.1	19.773	0.000	0.000
415	  L	  0.6	  0.1	19.475	0.000	0.000
416	  F	  1.4	  0.1	18.912	0.000	0.000
417	  E	  0.9	  0.1	16.279	0.000	0.000
418	  Q	  1.2	  0.1	15.496	0.000	0.000
419	  V	  2.3	  0.1	14.574	0.000	0.000
420	  M	  6.5	  0.0	14.574	0.000	0.000
421	  R	  6.6	  0.0	13.392	0.000	0.000
422	  I	  5.1	  0.1	11.957	0.000	0.000
423	  G	  0.8	  0.2	11.791	0.000	0.000
424	  L	  2.0	  0.2	2.371	0.000	0.000
425	  D	  1.9	  0.2	1.224	0.000	0.000
426	  L	  1.8	  0.1	0.238	0.000	0.000
427	  P	  0.0	  0.0	0.486	0.000	0.000
428	  A	  0.2	  0.1	0.486	0.000	0.000
429	  L	  1.9	  0.1	0.486	0.000	0.000
430	  N	  2.1	  0.1	0.486	0.000	0.000
431	  M	  2.1	  0.1	0.486	0.000	0.000
432	  Q	  0.7	  0.1	0.248	0.000	0.000
433	  R	  0.7	  0.2	0.000	0.000	0.000
434	  S	  0.8	  1.6	0.000	0.000	0.000
435	  R	  0.6	  1.7	0.000	0.000	0.000
436	  D	  0.3	  1.8	0.000	0.000	0.000
437	  H	  0.2	  1.8	0.000	0.000	0.000
438	  G	  0.2	  0.3	0.000	0.000	0.000
439	  L	  0.2	  2.5	0.000	0.000	0.000
440	  P	  0.0	  2.3	0.000	0.000	0.000
441	  G	  0.1	  2.3	0.425	0.000	0.000
442	  Y	  1.4	  2.3	0.425	0.000	0.000
443	  N	  1.5	  0.0	2.552	0.000	0.000
444	  A	  1.7	  0.0	2.552	0.000	0.000
445	  W	  1.6	  0.0	2.552	0.000	0.000
446	  R	  2.3	  0.0	2.552	0.000	0.000
447	  R	  2.2	  0.0	2.366	0.000	0.000
448	  F	  2.7	  0.2	2.250	0.000	0.000
449	  C	  2.1	  0.2	1.659	0.000	0.000
450	  G	  2.0	  0.2	1.448	0.000	0.000
451	  L	  0.4	  0.2	0.300	0.000	0.000
452	  P	  0.0	  0.0	0.000	0.000	0.000
453	  Q	  0.0	  0.0	0.000	0.000	0.000
454	  P	  0.0	  0.1	0.000	0.000	0.000
455	  E	  0.1	  0.1	0.000	0.000	0.000
456	  T	  0.6	  0.3	0.000	0.000	0.000
457	  V	  0.8	  0.4	0.000	0.131	0.131
458	  G	  0.7	  0.4	0.000	0.131	0.131
459	  Q	  0.2	  0.4	0.000	0.131	0.131
460	  L	  0.1	  0.2	0.000	0.553	0.553
461	  G	  0.1	  0.2	0.339	0.553	0.553
462	  T	  4.0	  0.0	0.666	0.553	0.553
463	  V	  5.9	  0.0	0.666	0.553	0.553
464	  L	  6.1	  0.1	0.666	0.553	0.553
465	  R	  2.3	  0.1	0.666	0.000	0.000
466	  N	  0.6	  0.1	1.271	0.000	0.000
467	  L	  1.8	  0.2	1.064	0.000	0.000
468	  K	  2.0	  0.0	1.190	0.000	0.000
469	  L	  1.8	  0.0	0.859	0.000	0.000
470	  A	  0.5	  0.1	0.859	0.000	0.000
471	  R	  0.5	  0.1	0.859	0.000	0.000
472	  K	  0.7	  0.1	0.315	0.000	0.000
473	  L	  0.7	  0.1	0.126	0.000	0.000
474	  M	  0.4	  0.2	0.126	0.000	0.000
475	  E	  0.3	  0.2	0.126	0.000	0.000
476	  Q	  0.4	  0.2	0.126	0.000	0.000
477	  Y	  0.5	  0.2	0.126	0.000	0.000
478	  G	  0.4	  0.0	0.000	0.000	0.000
479	  T	  0.1	  1.0	0.000	0.000	0.000
480	  P	  0.0	  1.1	0.000	0.000	0.000
481	  N	  0.2	  1.1	0.000	0.000	0.000
482	  N	  1.5	  1.3	0.000	0.000	0.000
483	  I	  7.0	  0.2	0.000	0.000	0.000
484	  D	  7.9	  0.2	0.000	0.000	0.000
485	  I	  7.6	  0.2	0.000	0.000	0.000
486	  W	  2.3	  0.0	0.000	0.000	0.000
487	  M	  1.2	  0.5	0.000	0.000	0.000
488	  G	  0.2	  0.5	0.000	0.000	0.000
489	  G	  0.1	  0.5	0.000	0.000	0.000
490	  V	  1.1	  0.5	0.000	0.000	0.000
491	  S	  1.1	  0.0	0.492	0.000	0.000
492	  E	  1.0	  0.0	0.928	0.000	0.000
493	  P	  0.0	  0.0	0.928	0.000	0.000
494	  L	  0.1	  0.0	0.928	0.000	0.000
495	  K	  0.5	  0.1	0.928	0.000	0.000
496	  R	  0.6	  0.8	0.928	0.000	0.000
497	  K	  0.5	  0.8	0.928	0.000	0.000
498	  G	  0.1	  0.8	0.000	0.000	0.000
499	  R	  0.4	  0.7	0.000	0.000	0.000
500	  V	  0.4	  0.1	0.000	0.000	0.000
501	  G	  0.4	  0.3	0.453	0.000	0.000
502	  P	  0.0	  0.3	0.453	0.293	0.293
503	  L	  0.2	  0.3	0.453	29.850	29.850
504	  L	  0.5	  0.2	0.453	34.862	34.862
505	  A	  0.9	  0.0	0.453	34.862	34.862
506	  C	  3.9	  0.0	0.453	34.862	34.862
507	  I	  5.6	  0.0	0.207	34.862	34.862
508	  I	  5.3	  0.2	0.207	32.670	32.670
509	  G	  2.1	  0.2	0.207	4.063	4.063
510	  T	  2.4	  0.2	0.122	1.515	1.515
511	  Q	  4.4	  0.2	0.122	0.000	0.000
512	  F	  5.8	  0.1	0.122	0.000	0.000
513	  R	  3.8	  0.1	0.122	0.000	0.000
514	  K	  2.5	  0.1	0.122	0.000	0.000
515	  L	  1.2	  0.6	0.122	0.000	0.000
516	  R	  0.9	  0.8	0.122	0.000	0.000
517	  D	  0.2	  1.7	0.122	0.000	0.000
518	  G	  0.0	  1.7	0.122	0.000	0.000
519	  D	  0.1	  1.2	0.000	0.000	0.000
520	  R	  1.2	  1.0	0.000	0.000	0.000
521	  F	  2.0	  0.1	0.000	0.000	0.000
522	  W	  3.0	  0.0	0.000	0.000	0.000
523	  W	  2.4	  0.2	0.000	0.000	0.000
524	  E	  1.6	  0.2	0.000	0.000	0.000
525	  N	  0.6	  0.6	0.000	0.000	0.000
526	  E	  0.0	  0.6	0.000	0.000	0.000
527	  G	  0.0	  0.4	0.000	0.000	0.000
528	  V	  4.7	  0.3	0.000	0.134	0.134
529	  F	  8.0	  0.0	0.000	0.134	0.134
530	  S	  8.6	  0.0	1.323	0.134	0.134
531	  M	  4.3	  0.0	1.323	0.134	0.134
532	  Q	  1.1	  0.1	1.521	0.134	0.134
533	  Q	  0.9	  0.1	1.521	0.000	0.000
534	  R	  0.9	  0.1	1.521	0.000	0.000
535	  Q	  0.9	  0.1	1.521	0.000	0.000
536	  A	  0.4	  0.1	1.228	0.000	0.000
537	  L	  0.3	  0.0	1.228	0.000	0.000
538	  A	  0.4	  0.0	1.061	0.000	0.000
539	  Q	  1.3	  0.0	0.918	0.000	0.000
540	  I	  8.3	  0.0	0.162	0.000	0.000
541	  S	  8.2	  0.0	0.162	0.000	0.000
542	  L	  7.3	  0.0	0.000	0.000	0.000
543	  P	  0.1	  0.0	0.000	0.000	0.000
544	  R	  5.3	  0.0	0.000	0.000	0.000
545	  I	  7.3	  0.0	0.000	0.000	0.000
546	  I	  7.4	  0.0	0.000	0.000	0.000
547	  C	  2.4	  0.3	0.000	0.000	0.000
548	  D	  0.3	  0.4	0.000	0.000	0.000
549	  N	  0.2	  0.5	0.000	0.000	0.000
550	  T	  0.1	  0.6	0.000	0.406	0.406
551	  G	  0.3	  0.3	0.000	0.406	0.406
552	  I	  3.4	  0.2	0.000	0.406	0.406
553	  T	  5.3	  0.1	0.000	0.406	0.406
554	  T	 22.1	  0.0	0.000	0.406	0.406
555	  V	 19.8	  0.0	0.000	0.406	0.406
556	  S	 18.4	  1.5	0.000	0.000	0.000
557	  K	  1.5	  1.5	0.000	0.000	0.000
558	  N	  0.7	  1.5	0.000	0.000	0.000
559	  N	  2.4	  1.5	0.000	0.000	0.000
560	  I	  3.8	  0.0	0.000	0.000	0.000
561	  F	  4.8	  0.1	0.000	0.000	0.000
562	  M	  2.7	  0.3	0.000	0.000	0.000
563	  S	  1.3	  0.5	0.000	0.000	0.000
564	  N	  1.8	  0.5	0.000	0.000	0.000
565	  S	  2.0	  0.4	0.000	0.000	0.000
566	  Y	  2.0	  0.5	0.000	0.000	0.000
567	  P	  0.3	  0.5	0.000	0.000	0.000
568	  R	  0.2	  0.5	0.000	0.000	0.000
569	  D	  0.6	  0.5	0.000	0.000	0.000
570	  F	  2.3	  0.3	0.000	0.000	0.000
571	  V	  6.0	  0.1	0.000	0.000	0.000
572	  N	  6.2	  0.3	0.000	0.000	0.000
573	  C	  4.7	  0.5	0.000	0.000	0.000
574	  S	  1.2	  0.4	0.000	0.000	0.000
575	  T	  0.8	  0.4	0.000	0.000	0.000
576	  L	  0.6	  0.1	0.000	0.000	0.000
577	  P	  0.2	  0.0	0.286	0.000	0.000
578	  A	  0.2	  0.0	0.286	0.000	0.000
579	  L	  1.7	  0.0	0.286	0.000	0.000
580	  N	  1.7	  0.0	0.658	0.000	0.000
581	  L	  1.7	  0.3	0.658	0.000	0.000
582	  A	  0.7	  0.3	0.658	0.000	0.000
583	  S	  5.4	  0.3	0.540	0.000	0.000
584	  W	  5.6	  0.4	0.371	0.000	0.000
585	  R	  5.1	  0.0	0.371	0.000	0.000
586	  E	  0.4	  0.0	0.150	0.000	0.000
587	  A	  0.0	  0.0	0.000	0.000	0.000
