res	aa	Beta	Turn	Helix	Aggregation	Conc-Stab_Aggregation
01	  M	  0.3	  0.0	0.000	0.000	0.000
02	  G	  0.3	  0.0	0.000	0.000	0.000
03	  V	  0.4	  0.0	0.000	0.000	0.000
04	  P	  0.0	  0.0	0.000	0.000	0.000
05	  F	  2.3	  0.0	0.000	0.334	0.334
06	  F	  3.8	  0.3	0.000	0.334	0.334
07	  S	  3.9	  0.4	0.000	0.334	0.334
08	  S	  3.6	  0.4	0.171	0.334	0.334
09	  L	  5.1	  0.4	0.171	0.334	0.334
10	  R	  6.2	  0.1	0.171	0.000	0.000
11	  C	  6.2	  0.0	0.171	0.000	0.000
12	  M	  3.7	  0.0	0.171	0.000	0.000
13	  V	  4.8	  0.0	0.171	0.000	0.000
14	  D	  3.0	  0.0	0.171	0.000	0.000
15	  L	  2.3	  0.1	0.171	0.000	0.000
16	  G	  0.0	  0.2	0.300	0.000	0.000
17	  P	  0.0	  0.2	0.129	0.000	0.000
18	  C	  3.9	  0.2	0.129	0.000	0.000
19	  W	  3.9	  0.3	0.341	0.000	0.000
20	  A	  3.9	  0.3	0.341	0.000	0.000
21	  G	  0.1	  0.3	2.554	0.000	0.000
22	  G	  0.0	  0.3	7.224	0.012	0.012
23	  L	  0.4	  0.2	8.679	0.889	0.889
24	  T	  0.5	  0.0	45.785	1.157	1.157
25	  A	  0.5	  0.0	47.682	1.607	1.607
26	  E	  0.9	  0.0	54.309	2.142	2.142
27	  M	  1.4	  0.0	54.476	2.142	2.142
28	  K	  1.5	  0.0	55.163	2.142	2.142
29	  L	  1.3	  0.0	55.090	70.962	70.962
30	  L	  0.6	  0.0	54.995	83.512	83.512
31	  L	  0.6	  0.0	54.707	89.771	89.771
32	  A	  0.3	  0.0	54.759	90.912	90.912
33	  L	  0.2	  0.1	52.945	92.265	92.265
34	  A	  0.1	  0.1	50.010	92.202	92.202
35	  G	  0.0	  0.1	44.974	92.196	92.196
36	  L	  0.1	  0.1	23.044	95.099	95.099
37	  L	  0.3	  0.0	17.888	95.190	95.190
38	  A	  0.7	  0.0	16.032	94.309	94.309
39	  I	  1.2	  0.0	15.646	93.564	93.564
40	  L	  1.1	  0.0	15.523	85.362	85.362
41	  A	  0.7	  0.0	13.434	39.063	39.063
42	  T	  0.1	  0.0	8.060	0.270	0.270
43	  P	  0.1	  0.0	0.000	0.118	0.118
44	  Q	  0.0	  0.2	0.000	0.000	0.000
45	  P	  0.0	  0.5	0.000	0.000	0.000
46	  S	  0.0	  1.2	0.000	0.000	0.000
47	  E	  0.0	  1.4	0.000	0.000	0.000
48	  G	  0.1	  1.1	0.000	0.000	0.000
49	  A	  0.1	  0.9	0.000	0.000	0.000
50	  A	  0.1	  0.2	0.000	0.000	0.000
51	  P	  0.0	  0.0	0.000	0.000	0.000
52	  A	  0.8	  0.0	0.000	0.000	0.000
53	  V	  1.4	  0.0	0.000	0.000	0.000
54	  L	  1.4	  0.0	0.000	0.000	0.000
55	  G	  0.6	  0.0	0.000	0.000	0.000
56	  E	  5.1	  0.1	0.000	0.000	0.000
57	  V	  5.9	  0.1	0.000	0.000	0.000
58	  D	  6.1	  0.2	0.000	0.000	0.000
59	  T	  1.5	  0.3	0.000	0.569	0.569
60	  S	  1.0	  0.2	0.000	0.569	0.569
61	  L	  2.8	  0.2	0.000	0.569	0.569
62	  V	  5.2	  0.0	0.000	0.569	0.569
63	  L	  5.2	  0.1	0.000	0.569	0.569
64	  S	  3.3	  0.1	0.666	0.000	0.000
65	  S	  1.6	  0.1	3.245	0.000	0.000
66	  M	  1.3	  0.2	3.430	0.000	0.000
67	  E	  1.2	  0.1	3.563	0.000	0.000
68	  E	  0.5	  0.1	3.715	0.000	0.000
69	  A	  0.5	  0.1	3.715	0.000	0.000
70	  K	  0.7	  0.1	3.597	0.000	0.000
71	  Q	  1.0	  0.1	2.488	0.000	0.000
72	  L	  1.5	  0.1	1.201	0.000	0.000
73	  V	  1.6	  0.0	0.926	0.000	0.000
74	  D	  0.8	  0.1	2.656	0.000	0.000
75	  K	  0.4	  0.1	2.516	0.000	0.000
76	  A	  0.4	  0.1	2.359	0.000	0.000
77	  Y	  1.1	  0.1	2.212	0.000	0.000
78	  K	  1.2	  0.1	1.730	0.000	0.000
79	  E	  1.1	  0.1	1.730	0.000	0.000
80	  R	  0.5	  0.2	1.203	0.000	0.000
81	  R	  0.3	  0.2	0.701	0.000	0.000
82	  E	  0.2	  0.2	0.362	0.000	0.000
83	  S	  0.9	  0.1	1.490	0.000	0.000
84	  I	  2.1	  0.1	1.331	0.000	0.000
85	  K	  2.3	  0.1	1.331	0.000	0.000
86	  Q	  1.7	  0.1	1.331	0.000	0.000
87	  R	  1.0	  0.1	1.331	0.000	0.000
88	  L	  1.4	  0.3	1.331	0.000	0.000
89	  R	  1.3	  0.5	1.032	0.000	0.000
90	  S	  0.9	  1.1	0.599	0.000	0.000
91	  G	  0.5	  1.1	0.158	0.000	0.000
92	  S	  5.9	  0.9	0.000	0.000	0.000
93	  A	  5.6	  0.6	0.000	0.000	0.000
94	  S	  5.5	  0.2	2.554	0.000	0.000
95	  P	  0.0	  0.1	2.554	0.000	0.000
96	  M	  0.8	  0.2	2.554	0.000	0.000
97	  E	  0.8	  0.2	2.554	0.000	0.000
98	  L	  1.3	  0.1	2.554	20.498	20.498
99	  L	  2.7	  0.1	2.554	20.498	20.498
100	  S	  3.8	  0.1	2.033	20.498	20.498
101	  Y	  4.6	  0.1	1.371	20.498	20.498
102	  F	  3.8	  0.0	0.545	20.498	20.498
103	  K	  2.7	  0.0	0.241	0.000	0.000
104	  Q	  1.4	  0.0	0.000	0.000	0.000
105	  P	  0.0	  0.0	0.000	0.000	0.000
106	  V	  1.3	  0.0	0.000	0.000	0.000
107	  A	  1.4	  0.0	0.000	0.000	0.000
108	  A	  1.6	  0.0	0.000	0.000	0.000
109	  T	  1.0	  0.1	0.000	0.000	0.000
110	  R	  1.0	  0.1	0.000	0.000	0.000
111	  T	  1.7	  0.1	0.000	0.000	0.000
112	  A	  1.6	  0.1	0.000	0.000	0.000
113	  V	  2.7	  0.0	0.000	0.000	0.000
114	  R	  1.9	  0.0	0.000	0.000	0.000
115	  A	  1.3	  0.4	0.000	0.000	0.000
116	  A	  0.1	  0.4	0.000	0.000	0.000
117	  D	  0.1	  0.4	1.717	0.000	0.000
118	  Y	  0.7	  0.4	1.899	0.131	0.131
119	  L	  1.8	  0.0	1.899	0.131	0.131
120	  H	  3.1	  0.0	2.679	0.131	0.131
121	  V	  5.2	  0.0	3.413	0.131	0.131
122	  A	  4.1	  0.0	5.305	0.131	0.131
123	  L	  3.6	  0.0	5.809	0.131	0.131
124	  D	  0.9	  0.0	18.419	0.000	0.000
125	  L	  0.8	  0.0	20.444	0.000	0.000
126	  L	  0.1	  0.1	21.599	0.000	0.000
127	  E	  0.8	  0.1	22.300	0.000	0.000
128	  R	  1.0	  0.1	22.300	0.000	0.000
129	  K	  1.5	  0.1	22.300	0.000	0.000
130	  L	  1.3	  0.1	17.914	0.000	0.000
131	  R	  1.4	  0.1	17.043	0.000	0.000
132	  S	  1.1	  0.1	14.815	0.000	0.000
133	  L	  0.7	  0.1	10.281	0.000	0.000
134	  W	  2.2	  0.0	8.034	0.000	0.000
135	  R	  2.0	  0.0	5.174	0.000	0.000
136	  R	  2.0	  0.0	0.743	0.000	0.000
137	  P	  0.1	  0.0	0.000	0.000	0.000
138	  F	  5.4	  0.0	0.000	0.000	0.000
139	  N	  7.4	  0.0	0.000	0.000	0.000
140	  V	  8.9	  0.0	0.000	0.000	0.000
141	  T	  4.1	  0.0	0.000	0.000	0.000
142	  D	  2.0	  0.0	0.000	0.000	0.000
143	  V	  3.3	  0.0	0.000	0.000	0.000
144	  L	  3.0	  0.0	0.000	0.000	0.000
145	  T	  2.9	  0.0	1.379	0.000	0.000
146	  P	  0.2	  0.0	1.379	0.000	0.000
147	  A	  0.3	  0.0	1.379	0.000	0.000
148	  Q	  1.1	  0.0	1.379	0.000	0.000
149	  L	  4.2	  0.0	1.379	0.000	0.000
150	  N	  4.1	  0.0	1.744	0.000	0.000
151	  V	  6.1	  0.0	1.307	0.000	0.000
152	  L	  3.3	  0.0	1.307	0.000	0.000
153	  S	  5.4	  0.8	1.144	0.000	0.000
154	  K	  2.7	  1.1	0.815	0.000	0.000
155	  S	  2.5	  1.7	0.365	0.000	0.000
156	  S	  0.2	  2.1	0.000	0.000	0.000
157	  G	  0.3	  1.4	0.000	0.000	0.000
158	  C	  0.6	  1.1	0.000	0.000	0.000
159	  A	  1.0	  0.5	0.000	0.000	0.000
160	  Y	  2.3	  0.3	0.000	0.000	0.000
161	  Q	  2.3	  0.3	0.000	0.000	0.000
162	  D	  1.8	  0.5	0.000	0.000	0.000
163	  V	  0.8	  0.5	0.000	0.000	0.000
164	  G	  0.5	  0.2	0.000	0.000	0.000
165	  V	 11.6	  0.1	0.000	0.000	0.000
166	  T	 11.6	  0.0	0.000	0.000	0.000
167	  C	 11.5	  0.3	0.337	0.000	0.000
168	  P	  0.4	  0.4	0.337	0.000	0.000
169	  E	  0.1	  0.5	0.337	0.000	0.000
170	  Q	  0.2	  0.6	0.337	0.000	0.000
171	  D	  0.3	  0.4	0.469	0.000	0.000
172	  K	  0.9	  0.3	0.469	0.000	0.000
173	  Y	  1.3	  0.2	0.358	0.000	0.000
174	  R	  2.0	  0.2	0.132	0.000	0.000
175	  T	 13.1	  0.1	0.132	0.000	0.000
176	  I	 15.0	  0.1	0.132	0.000	0.000
177	  T	 14.4	  0.1	0.132	0.000	0.000
178	  G	  2.6	  0.1	0.132	0.000	0.000
179	  M	  0.4	  0.1	0.132	0.000	0.000
180	  C	  0.6	  0.2	0.000	0.000	0.000
181	  N	  0.6	  0.2	0.000	0.000	0.000
182	  N	  0.3	  0.3	0.000	0.000	0.000
183	  R	  0.7	  0.2	0.000	0.000	0.000
184	  R	  0.7	  0.1	0.000	0.000	0.000
185	  S	  0.7	  0.5	0.000	0.000	0.000
186	  P	  0.1	  0.5	0.000	0.000	0.000
187	  T	  0.1	  0.5	0.000	0.000	0.000
188	  L	  0.2	  0.6	0.000	0.000	0.000
189	  G	  0.2	  0.5	0.377	0.000	0.000
190	  A	  0.1	  0.7	0.377	0.000	0.000
191	  S	  0.0	  0.7	0.377	0.000	0.000
192	  N	  0.0	  0.6	0.377	0.000	0.000
193	  R	  0.3	  0.3	0.377	0.000	0.000
194	  A	  0.7	  0.0	0.377	0.000	0.000
195	  F	  2.3	  0.0	0.377	0.000	0.000
196	  V	  4.0	  0.0	0.000	0.000	0.000
197	  R	  4.6	  0.0	0.000	0.000	0.000
198	  W	  3.0	  0.0	0.000	0.000	0.000
199	  L	  1.0	  0.0	0.000	0.000	0.000
200	  P	  0.1	  0.0	0.000	0.000	0.000
201	  A	  0.1	  0.0	0.000	0.000	0.000
202	  E	  1.0	  0.0	0.000	0.000	0.000
203	  Y	  1.7	  0.9	0.000	0.000	0.000
204	  E	  1.6	  1.0	0.000	0.000	0.000
205	  D	  0.8	  1.0	0.000	0.000	0.000
206	  G	  0.1	  1.0	0.000	0.000	0.000
207	  F	  6.6	  0.2	0.000	0.000	0.000
208	  S	  6.7	  0.0	0.000	0.000	0.000
209	  L	  6.7	  0.4	0.000	0.000	0.000
210	  P	  0.1	  0.5	0.000	0.000	0.000
211	  Y	  0.2	  0.5	0.000	0.000	0.000
212	  G	  0.4	  0.5	0.000	0.000	0.000
213	  W	  0.8	  0.1	0.000	0.000	0.000
214	  T	  0.6	  1.2	0.630	0.000	0.000
215	  P	  0.4	  1.2	0.630	0.000	0.000
216	  G	  0.1	  1.2	0.630	0.000	0.000
217	  V	  2.0	  1.3	0.630	0.000	0.000
218	  K	  2.1	  0.5	0.630	0.000	0.000
219	  R	  2.1	  0.9	0.630	0.000	0.000
220	  N	  0.2	  0.9	0.630	0.000	0.000
221	  G	  0.1	  0.9	0.299	0.000	0.000
222	  F	  0.1	  0.4	0.148	0.000	0.000
223	  P	  0.0	  0.0	0.253	0.000	0.000
224	  V	  3.6	  0.0	0.253	0.000	0.000
225	  A	  3.7	  0.0	0.253	0.000	0.000
226	  L	  3.7	  0.0	0.253	0.000	0.000
227	  A	  0.2	  0.0	0.253	0.000	0.000
228	  R	  0.4	  0.0	0.253	0.000	0.000
229	  A	  0.9	  0.0	0.000	0.000	0.000
230	  V	  1.1	  0.1	0.000	0.000	0.000
231	  S	  0.9	  0.1	0.209	0.000	0.000
232	  N	  0.3	  0.1	0.802	0.000	0.000
233	  E	  0.4	  0.1	0.802	0.000	0.000
234	  I	  5.3	  0.0	0.802	0.000	0.000
235	  V	  8.8	  0.0	0.802	0.000	0.000
236	  R	  8.6	  0.0	0.802	0.000	0.000
237	  F	  3.8	  0.3	0.802	0.000	0.000
238	  P	  0.1	  0.4	0.000	0.000	0.000
239	  T	  0.4	  0.4	0.000	0.000	0.000
240	  D	  0.4	  0.5	0.000	0.000	0.000
241	  Q	  2.0	  0.2	0.000	0.000	0.000
242	  L	  1.7	  0.1	0.000	0.000	0.000
243	  T	  1.7	  1.0	0.000	0.000	0.000
244	  P	  0.2	  0.9	0.000	0.000	0.000
245	  D	  0.1	  1.1	1.297	0.000	0.000
246	  Q	  0.2	  1.1	1.297	0.000	0.000
247	  E	  0.5	  0.3	1.297	0.000	0.000
248	  R	  0.9	  0.3	1.297	0.000	0.000
249	  S	  1.0	  0.1	1.848	2.046	2.046
250	  L	  1.4	  0.1	1.848	2.594	2.594
251	  M	  1.8	  0.0	1.681	2.749	2.749
252	  F	  2.5	  0.0	1.443	2.749	2.749
253	  M	  3.6	  0.0	1.104	2.749	2.749
254	  Q	  2.8	  0.2	1.104	0.988	0.988
255	  W	  1.9	  0.3	0.686	0.988	0.988
256	  G	  0.2	  0.3	0.686	0.240	0.240
257	  Q	  0.7	  0.3	0.303	0.240	0.240
258	  L	  1.0	  0.1	0.000	0.240	0.240
259	  L	  1.2	  0.1	0.000	0.240	0.240
260	  D	  0.7	  0.4	0.000	0.000	0.000
261	  H	  0.5	  0.5	0.000	0.000	0.000
262	  D	  0.3	  1.3	0.000	0.000	0.000
263	  L	  1.6	  1.2	0.000	0.000	0.000
264	  D	  2.9	  0.9	0.000	0.000	0.000
265	  F	  3.4	  0.8	0.000	0.000	0.000
266	  T	  2.2	  0.0	0.000	0.000	0.000
267	  P	  0.7	  0.0	0.000	0.000	0.000
268	  E	  0.0	  0.0	0.601	0.000	0.000
269	  P	  0.0	  0.0	0.738	0.000	0.000
270	  A	  0.1	  0.0	0.738	0.000	0.000
271	  A	  0.1	  0.0	0.738	0.000	0.000
272	  R	  0.3	  0.2	0.738	0.000	0.000
273	  A	  0.9	  0.2	0.738	0.431	0.431
274	  S	  1.8	  0.2	0.577	0.711	0.711
275	  F	  2.5	  0.2	0.200	5.666	5.666
276	  V	  2.5	  0.0	0.000	5.666	5.666
277	  T	  1.6	  0.1	0.000	5.666	5.666
278	  G	  0.8	  0.1	0.000	5.472	5.472
279	  V	  4.1	  0.1	0.000	5.472	5.472
280	  N	  6.0	  0.0	0.111	0.000	0.000
281	  C	  6.1	  0.2	0.111	0.000	0.000
282	  E	  2.5	  0.2	0.111	0.000	0.000
283	  T	  2.3	  0.2	0.111	0.000	0.000
284	  S	  3.6	  0.2	0.111	0.000	0.000
285	  C	  6.3	  0.1	0.111	0.000	0.000
286	  V	  7.2	  0.0	0.000	0.000	0.000
287	  Q	  5.8	  0.0	0.000	0.000	0.000
288	  Q	  3.0	  0.0	0.000	0.000	0.000
289	  P	  0.0	  0.2	0.000	0.000	0.000
290	  P	  0.0	  0.2	0.000	0.000	0.000
291	  C	  0.3	  0.2	0.000	0.000	0.000
292	  F	  0.3	  0.3	0.000	0.000	0.000
293	  P	  0.3	  0.2	0.000	0.000	0.000
294	  L	  3.1	  0.2	0.000	0.000	0.000
295	  K	  3.1	  0.2	0.000	0.000	0.000
296	  I	  3.1	  0.0	0.000	0.000	0.000
297	  P	  0.0	  1.2	0.000	0.000	0.000
298	  P	  0.0	  1.2	0.000	0.000	0.000
299	  N	  0.0	  1.2	0.000	0.000	0.000
300	  D	  0.0	  1.4	1.205	0.000	0.000
301	  P	  0.0	  0.2	1.205	0.000	0.000
302	  R	  2.7	  0.2	1.205	0.000	0.000
303	  I	  3.0	  0.3	1.205	0.000	0.000
304	  K	  3.1	  0.1	1.205	0.000	0.000
305	  N	  0.4	  0.2	1.205	0.000	0.000
306	  Q	  0.2	  0.6	0.665	0.000	0.000
307	  A	  0.1	  0.5	0.000	0.000	0.000
308	  D	  1.7	  0.5	0.000	0.000	0.000
309	  C	  2.0	  0.5	0.000	0.000	0.000
310	  I	  2.0	  0.0	0.000	0.000	0.000
311	  P	  0.4	  0.0	0.000	0.000	0.000
312	  F	  2.0	  0.0	0.000	0.000	0.000
313	  F	  4.0	  0.2	0.000	0.000	0.000
314	  R	  4.3	  0.2	0.000	0.000	0.000
315	  S	  2.7	  0.2	0.000	0.000	0.000
316	  C	  0.7	  0.4	0.000	0.000	0.000
317	  P	  0.4	  0.3	0.000	0.000	0.000
318	  A	  0.0	  0.3	0.000	0.000	0.000
319	  C	  0.0	  3.6	0.000	0.000	0.000
320	  P	  0.0	  3.8	0.000	0.000	0.000
321	  G	  0.0	  4.0	0.000	0.000	0.000
322	  S	  0.0	  4.0	0.150	0.000	0.000
323	  N	  2.3	  0.6	0.150	0.000	0.000
324	  I	 15.1	  0.2	0.150	0.000	0.000
325	  T	 21.2	  0.0	0.150	0.000	0.000
326	  I	 19.2	  0.1	0.150	0.000	0.000
327	  R	  7.2	  0.1	0.150	0.000	0.000
328	  N	  0.7	  0.1	0.000	0.000	0.000
329	  Q	  1.7	  0.1	0.000	0.134	0.134
330	  I	  2.6	  0.0	0.000	0.594	0.594
331	  N	  2.2	  0.0	0.548	0.594	0.594
332	  A	  1.2	  0.0	0.548	1.674	1.674
333	  L	  0.7	  0.1	0.548	2.951	2.951
334	  T	  2.3	  0.1	0.548	2.951	2.951
335	  S	  3.1	  0.1	0.548	2.951	2.951
336	  F	  4.0	  0.1	0.548	2.951	2.951
337	  V	  2.9	  0.1	0.000	2.951	2.951
338	  D	  2.0	  0.9	0.000	0.000	0.000
339	  A	  1.1	  0.9	0.000	0.000	0.000
340	  S	  0.9	  0.9	0.000	0.000	0.000
341	  M	  2.5	  0.8	0.000	0.000	0.000
342	  V	  3.1	  0.0	0.000	0.000	0.000
343	  Y	  2.8	  0.8	0.000	0.000	0.000
344	  G	  1.2	  0.9	0.000	0.000	0.000
345	  S	  0.2	  0.9	0.000	0.000	0.000
346	  E	  0.1	  0.9	0.000	0.000	0.000
347	  E	  0.1	  0.1	1.185	0.000	0.000
348	  P	  0.0	  0.0	1.185	0.000	0.000
349	  L	  0.0	  0.0	1.185	0.000	0.000
350	  A	  0.1	  0.2	1.185	0.000	0.000
351	  R	  0.2	  0.2	1.185	0.000	0.000
352	  N	  0.8	  0.2	1.313	0.000	0.000
353	  L	  1.0	  0.3	0.705	0.000	0.000
354	  R	  1.0	  0.1	0.564	0.000	0.000
355	  N	  0.7	  0.9	0.350	0.000	0.000
356	  M	  0.5	  1.1	0.128	0.000	0.000
357	  S	  0.4	  1.0	0.128	0.000	0.000
358	  N	  0.1	  1.2	0.000	0.000	0.000
359	  Q	  0.1	  0.4	0.000	0.315	0.315
360	  L	  0.2	  0.3	0.000	9.156	9.156
361	  G	  0.2	  0.2	0.514	10.639	10.639
362	  L	  0.3	  0.0	0.514	10.874	10.874
363	  L	  0.6	  0.0	0.514	10.874	10.874
364	  A	  1.0	  0.0	0.514	10.874	10.874
365	  V	  2.5	  0.0	0.514	10.191	10.191
366	  N	  2.5	  0.1	0.514	0.350	0.350
367	  Q	  2.9	  0.1	0.123	0.000	0.000
368	  R	  2.3	  0.1	0.000	0.000	0.000
369	  F	  3.3	  0.3	0.000	0.000	0.000
370	  Q	  2.6	  0.6	0.000	0.000	0.000
371	  D	  1.3	  6.8	0.000	0.000	0.000
372	  N	  0.1	  6.9	0.000	0.000	0.000
373	  G	  0.1	  6.7	0.000	0.000	0.000
374	  R	  0.2	  6.3	0.000	0.000	0.000
375	  A	  0.8	  0.2	0.000	0.000	0.000
376	  L	  0.8	  0.0	0.000	0.000	0.000
377	  L	  0.7	  0.0	0.000	0.000	0.000
378	  P	  0.1	  0.1	0.000	0.000	0.000
379	  F	  0.4	  0.5	0.000	0.000	0.000
380	  D	  0.4	  0.5	0.000	0.000	0.000
381	  N	  0.5	  0.5	0.000	0.000	0.000
382	  L	  0.3	  0.5	0.000	0.000	0.000
383	  H	  0.4	  0.1	0.000	0.000	0.000
384	  D	  0.3	  0.1	0.000	0.000	0.000
385	  D	  0.1	  0.2	0.345	0.000	0.000
386	  P	  0.0	  0.2	0.345	0.000	0.000
387	  C	  1.2	  0.2	0.345	0.000	0.000
388	  L	  1.5	  0.2	0.345	0.000	0.000
389	  L	  1.8	  0.1	0.345	0.000	0.000
390	  T	  0.7	  0.1	0.478	0.000	0.000
391	  N	  0.5	  1.0	0.478	0.000	0.000
392	  R	  0.4	  1.0	0.258	0.000	0.000
393	  S	  1.1	  0.9	0.133	0.000	0.000
394	  A	  2.3	  0.9	0.133	0.000	0.000
395	  R	  2.5	  0.0	0.133	0.000	0.000
396	  I	  1.7	  0.1	0.000	0.000	0.000
397	  P	  0.5	  0.1	0.000	0.000	0.000
398	  C	  1.8	  0.1	0.000	0.000	0.000
399	  F	  2.4	  0.1	0.000	0.000	0.000
400	  L	  2.4	  0.3	0.000	0.000	0.000
401	  A	  0.7	  2.4	0.000	0.000	0.000
402	  G	  0.1	  2.4	0.000	0.000	0.000
403	  D	  0.3	  2.5	0.000	0.000	0.000
404	  T	  2.7	  2.3	0.000	0.000	0.000
405	  R	  2.8	  0.3	0.000	0.000	0.000
406	  S	  2.6	  0.3	0.000	0.000	0.000
407	  S	  0.3	  0.3	0.000	0.000	0.000
408	  E	  0.2	  0.2	0.000	0.000	0.000
409	  M	  0.1	  0.3	0.000	0.000	0.000
410	  P	  0.0	  0.2	0.000	0.000	0.000
411	  E	  0.6	  0.2	0.000	0.000	0.000
412	  L	  1.2	  0.2	0.000	0.000	0.000
413	  T	  1.7	  0.1	0.000	0.000	0.000
414	  S	  1.8	  0.0	1.724	0.000	0.000
415	  M	  1.5	  0.0	1.724	0.137	0.137
416	  H	  2.1	  0.0	1.901	0.137	0.137
417	  T	  2.2	  0.0	2.363	0.137	0.137
418	  L	  2.8	  0.0	2.363	0.137	0.137
419	  L	  1.9	  0.0	2.363	0.137	0.137
420	  L	  1.1	  0.0	2.081	0.137	0.137
421	  R	  0.2	  0.1	1.796	0.000	0.000
422	  E	  0.5	  0.2	1.010	0.000	0.000
423	  H	  0.6	  0.2	0.332	0.000	0.000
424	  N	  0.5	  0.2	1.152	0.000	0.000
425	  R	  0.2	  0.1	1.152	0.000	0.000
426	  L	  0.2	  0.1	1.152	0.000	0.000
427	  A	  0.2	  0.1	1.152	0.000	0.000
428	  T	  0.2	  0.1	1.414	0.000	0.000
429	  E	  1.4	  0.1	1.574	0.000	0.000
430	  L	  1.7	  0.2	1.398	0.000	0.000
431	  K	  1.8	  0.2	1.187	0.000	0.000
432	  S	  5.2	  0.1	0.754	0.000	0.000
433	  L	  4.9	  0.1	0.587	0.000	0.000
434	  N	  4.7	  0.2	0.587	0.000	0.000
435	  P	  0.1	  0.2	0.000	0.000	0.000
436	  R	  2.5	  0.6	0.000	0.000	0.000
437	  W	  2.6	  0.8	0.164	0.000	0.000
438	  D	  2.6	  0.7	1.149	0.000	0.000
439	  G	  0.1	  0.8	2.850	0.000	0.000
440	  E	  0.1	  0.4	3.219	0.000	0.000
441	  R	  0.7	  0.2	3.219	0.000	0.000
442	  L	  0.9	  0.1	3.219	0.000	0.000
443	  Y	  2.0	  0.1	3.459	0.000	0.000
444	  Q	  1.4	  0.1	3.295	0.000	0.000
445	  E	  1.2	  0.1	3.071	0.000	0.000
446	  A	  0.2	  0.1	2.888	0.000	0.000
447	  R	  0.8	  0.1	2.754	0.000	0.000
448	  K	  2.3	  0.0	1.816	0.000	0.000
449	  I	  5.3	  0.0	0.000	16.439	16.439
450	  V	  4.7	  0.3	0.000	20.522	20.522
451	  G	  3.2	  0.3	0.000	21.415	21.415
452	  A	  0.4	  0.3	0.000	31.823	31.823
453	  M	  0.6	  0.3	0.000	43.968	43.968
454	  V	  3.5	  0.0	0.000	53.054	53.054
455	  Q	  3.6	  0.0	0.000	53.174	53.174
456	  I	  6.9	  0.0	0.000	53.174	53.174
457	  I	 18.3	  0.0	0.000	52.822	52.822
458	  T	 28.0	  0.0	0.396	46.444	46.444
459	  Y	 25.2	  0.2	0.396	44.715	44.715
460	  R	 11.8	  0.2	0.396	0.000	0.000
461	  D	  0.9	  0.2	0.396	0.000	0.000
462	  Y	  0.4	  0.2	0.396	0.000	0.000
463	  L	  0.2	  0.0	0.396	0.000	0.000
464	  P	  0.2	  0.0	0.000	0.000	0.000
465	  L	  2.1	  0.0	0.000	0.000	0.000
466	  V	  2.7	  0.0	0.000	0.000	0.000
467	  L	  2.7	  0.1	0.000	0.000	0.000
468	  G	  0.6	  0.5	0.678	0.000	0.000
469	  P	  0.0	  0.5	0.678	0.000	0.000
470	  T	  0.5	  0.5	1.830	0.000	0.000
471	  A	  0.8	  0.4	1.830	0.000	0.000
472	  M	  1.1	  0.1	1.830	0.000	0.000
473	  R	  1.2	  0.1	1.830	0.000	0.000
474	  K	  1.3	  0.1	1.656	0.000	0.000
475	  Y	  1.1	  0.1	1.477	0.000	0.000
476	  L	  0.6	  0.4	0.438	0.000	0.000
477	  P	  0.1	  0.4	0.000	0.000	0.000
478	  T	 11.5	  0.4	0.000	0.000	0.000
479	  Y	 13.2	  0.5	0.000	0.000	0.000
480	  R	 14.6	  0.1	0.000	0.000	0.000
481	  S	 10.9	  0.5	0.000	0.000	0.000
482	  Y	  9.4	  0.5	0.000	0.000	0.000
483	  N	  7.9	  0.7	0.000	0.000	0.000
484	  D	  0.5	  0.7	0.000	0.000	0.000
485	  S	  7.4	  0.3	0.000	0.000	0.000
486	  V	  7.6	  0.3	0.000	0.000	0.000
487	  D	  7.5	  0.2	1.333	0.000	0.000
488	  P	  0.2	  0.2	1.333	0.000	0.000
489	  R	  1.6	  0.2	1.333	0.000	0.000
490	  I	  1.7	  0.3	1.333	1.815	1.815
491	  A	  1.8	  0.1	1.333	1.815	1.815
492	  N	  4.4	  0.1	1.444	1.815	1.815
493	  V	  7.0	  0.1	0.640	2.586	2.586
494	  F	  8.8	  0.1	0.640	2.586	2.586
495	  T	  4.9	  0.1	0.333	1.448	1.448
496	  N	  2.2	  0.1	0.333	0.771	0.771
497	  A	  0.7	  0.1	0.333	0.771	0.771
498	  F	  3.4	  0.0	0.333	0.771	0.771
499	  R	  3.5	  0.1	0.333	0.000	0.000
500	  Y	  3.2	  0.7	0.222	0.000	0.000
501	  G	  0.5	  0.7	0.000	0.000	0.000
502	  H	  1.3	  0.7	0.000	0.000	0.000
503	  T	  1.8	  0.6	0.000	0.000	0.000
504	  L	  1.9	  0.0	0.000	0.000	0.000
505	  I	  1.0	  0.0	0.000	0.000	0.000
506	  Q	  0.4	  0.0	0.000	0.000	0.000
507	  P	  0.1	  0.0	0.000	0.000	0.000
508	  F	  0.9	  0.0	0.000	0.000	0.000
509	  M	  1.0	  0.0	0.000	0.000	0.000
510	  F	  3.1	  0.0	0.000	0.000	0.000
511	  R	  4.4	  0.3	0.000	0.000	0.000
512	  L	  4.3	  0.4	0.000	0.000	0.000
513	  D	  2.3	  0.4	0.000	0.000	0.000
514	  N	  0.2	  0.4	0.000	0.000	0.000
515	  R	  2.8	  0.1	0.000	0.000	0.000
516	  Y	  3.3	  0.0	0.000	0.000	0.000
517	  Q	  3.2	  0.0	0.000	0.000	0.000
518	  P	  0.5	  0.0	0.000	0.000	0.000
519	  M	  0.1	  0.0	0.000	0.000	0.000
520	  E	  0.1	  0.0	0.000	0.000	0.000
521	  P	  0.1	  0.0	0.000	0.000	0.000
522	  N	  0.0	  0.2	0.000	0.000	0.000
523	  P	  0.0	  0.2	0.000	0.000	0.000
524	  R	  0.2	  0.2	0.000	0.000	0.000
525	  V	  0.3	  0.2	0.000	0.000	0.000
526	  P	  0.3	  0.0	0.000	0.000	0.000
527	  L	  0.1	  0.0	0.000	0.000	0.000
528	  S	  0.3	  0.0	0.000	0.000	0.000
529	  R	  3.1	  0.0	0.000	0.000	0.000
530	  V	  5.0	  0.0	0.000	20.777	20.777
531	  F	  6.4	  0.0	0.000	22.337	22.337
532	  F	  4.4	  0.1	0.000	22.491	22.491
533	  A	  2.8	  0.1	0.000	22.491	22.491
534	  S	  5.4	  0.1	0.237	22.491	22.491
535	  W	  6.8	  0.1	0.237	21.411	21.411
536	  R	  8.4	  0.0	0.237	16.031	16.031
537	  V	 11.7	  0.0	0.237	16.031	16.031
538	  V	 10.7	  0.0	0.237	16.031	16.031
539	  L	  8.7	  0.2	0.237	16.031	16.031
540	  E	  1.4	  0.9	0.237	16.031	16.031
541	  G	  0.0	  1.0	0.237	6.948	6.948
542	  G	  0.4	  1.0	0.102	6.217	6.217
543	  I	  0.7	  0.7	0.000	5.733	5.733
544	  D	  0.7	  0.1	1.892	0.000	0.000
545	  P	  0.3	  0.0	1.892	0.000	0.000
546	  I	  2.4	  0.0	1.892	0.000	0.000
547	  L	  2.6	  0.1	1.892	0.000	0.000
548	  R	  2.7	  0.1	1.892	0.000	0.000
549	  G	  0.3	  0.1	1.892	0.000	0.000
550	  L	  0.3	  0.1	0.833	0.000	0.000
551	  M	  0.4	  0.0	0.435	0.000	0.000
552	  A	  0.4	  0.0	0.000	0.000	0.000
553	  T	  0.2	  0.0	1.263	0.000	0.000
554	  P	  0.0	  0.0	1.263	0.000	0.000
555	  A	  0.3	  0.0	1.263	0.000	0.000
556	  K	  1.1	  0.0	1.263	0.000	0.000
557	  L	  1.1	  0.1	1.263	0.000	0.000
558	  N	  0.9	  0.2	1.263	0.000	0.000
559	  R	  1.5	  0.3	0.654	0.000	0.000
560	  Q	  1.7	  0.3	0.257	0.000	0.000
561	  N	  2.2	  0.3	0.277	0.000	0.000
562	  Q	  1.0	  0.1	0.277	0.000	0.000
563	  I	  3.7	  0.0	0.374	0.000	0.000
564	  A	  3.5	  0.0	1.717	0.000	0.000
565	  V	  3.3	  0.0	2.152	0.000	0.000
566	  D	  0.4	  0.0	16.222	0.000	0.000
567	  E	  1.0	  0.0	18.775	0.000	0.000
568	  I	  1.1	  0.0	19.121	0.000	0.000
569	  R	  1.1	  0.1	19.267	0.000	0.000
570	  E	  0.4	  0.1	19.460	0.000	0.000
571	  R	  0.6	  0.1	19.773	0.000	0.000
572	  L	  0.6	  0.1	19.475	0.000	0.000
573	  F	  1.4	  0.1	18.912	0.000	0.000
574	  E	  0.9	  0.1	16.279	0.000	0.000
575	  Q	  1.2	  0.1	15.496	0.000	0.000
576	  V	  2.3	  0.1	14.574	0.000	0.000
577	  M	  6.5	  0.0	14.574	0.000	0.000
578	  R	  6.6	  0.0	13.392	0.000	0.000
579	  I	  5.1	  0.1	11.957	0.000	0.000
580	  G	  0.8	  0.2	11.791	0.000	0.000
581	  L	  2.0	  0.2	2.371	0.000	0.000
582	  D	  1.9	  0.2	1.224	0.000	0.000
583	  L	  1.8	  0.1	0.238	0.000	0.000
584	  P	  0.0	  0.0	0.486	0.000	0.000
585	  A	  0.2	  0.1	0.486	0.000	0.000
586	  L	  1.9	  0.1	0.486	0.000	0.000
587	  N	  2.1	  0.1	0.486	0.000	0.000
588	  M	  2.1	  0.1	0.486	0.000	0.000
589	  Q	  0.7	  0.1	0.248	0.000	0.000
590	  R	  0.7	  0.2	0.000	0.000	0.000
591	  S	  0.8	  1.6	0.000	0.000	0.000
592	  R	  0.6	  1.7	0.000	0.000	0.000
593	  D	  0.3	  1.8	0.000	0.000	0.000
594	  H	  0.2	  1.8	0.000	0.000	0.000
595	  G	  0.2	  0.3	0.000	0.000	0.000
596	  L	  0.2	  2.5	0.000	0.000	0.000
597	  P	  0.0	  2.3	0.000	0.000	0.000
598	  G	  0.1	  2.3	0.425	0.000	0.000
599	  Y	  1.4	  2.3	0.425	0.000	0.000
600	  N	  1.5	  0.0	2.552	0.000	0.000
601	  A	  1.7	  0.0	2.552	0.000	0.000
602	  W	  1.6	  0.0	2.552	0.000	0.000
603	  R	  2.3	  0.0	2.552	0.000	0.000
604	  R	  2.2	  0.0	2.366	0.000	0.000
605	  F	  2.7	  0.2	2.250	0.000	0.000
606	  C	  2.1	  0.2	1.659	0.000	0.000
607	  G	  2.0	  0.2	1.448	0.000	0.000
608	  L	  0.4	  0.2	0.300	0.000	0.000
609	  P	  0.0	  0.0	0.000	0.000	0.000
610	  Q	  0.0	  0.0	0.000	0.000	0.000
611	  P	  0.0	  0.1	0.000	0.000	0.000
612	  E	  0.1	  0.1	0.000	0.000	0.000
613	  T	  0.6	  0.3	0.000	0.000	0.000
614	  V	  0.8	  0.4	0.000	0.130	0.130
615	  G	  0.7	  0.4	0.000	0.130	0.130
616	  Q	  0.2	  0.4	0.000	0.130	0.130
617	  L	  0.1	  0.2	0.000	0.552	0.552
618	  G	  0.1	  0.2	0.339	0.552	0.552
619	  T	  4.0	  0.0	0.666	0.552	0.552
620	  V	  5.9	  0.0	0.666	0.552	0.552
621	  L	  6.1	  0.1	0.666	0.552	0.552
622	  R	  2.3	  0.1	0.666	0.000	0.000
623	  N	  0.6	  0.1	1.271	0.000	0.000
624	  L	  1.8	  0.2	1.064	0.000	0.000
625	  K	  2.0	  0.0	1.190	0.000	0.000
626	  L	  1.8	  0.0	0.859	0.000	0.000
627	  A	  0.5	  0.1	0.859	0.000	0.000
628	  R	  0.5	  0.1	0.859	0.000	0.000
629	  K	  0.7	  0.1	0.315	0.000	0.000
630	  L	  0.7	  0.1	0.126	0.000	0.000
631	  M	  0.4	  0.2	0.126	0.000	0.000
632	  E	  0.3	  0.2	0.126	0.000	0.000
633	  Q	  0.4	  0.2	0.126	0.000	0.000
634	  Y	  0.5	  0.2	0.126	0.000	0.000
635	  G	  0.4	  0.0	0.000	0.000	0.000
636	  T	  0.1	  1.0	0.000	0.000	0.000
637	  P	  0.0	  1.1	0.000	0.000	0.000
638	  N	  0.2	  1.1	0.000	0.000	0.000
639	  N	  1.5	  1.3	0.000	0.000	0.000
640	  I	  7.0	  0.2	0.000	0.000	0.000
641	  D	  7.9	  0.2	0.000	0.000	0.000
642	  I	  7.6	  0.2	0.000	0.000	0.000
643	  W	  2.3	  0.0	0.000	0.000	0.000
644	  M	  1.2	  0.5	0.000	0.000	0.000
645	  G	  0.2	  0.5	0.000	0.000	0.000
646	  G	  0.1	  0.5	0.000	0.000	0.000
647	  V	  1.1	  0.5	0.000	0.000	0.000
648	  S	  1.1	  0.0	0.492	0.000	0.000
649	  E	  1.0	  0.0	0.928	0.000	0.000
650	  P	  0.0	  0.0	0.928	0.000	0.000
651	  L	  0.1	  0.0	0.928	0.000	0.000
652	  K	  0.5	  0.1	0.928	0.000	0.000
653	  R	  0.6	  0.8	0.928	0.000	0.000
654	  K	  0.5	  0.8	0.928	0.000	0.000
655	  G	  0.1	  0.8	0.000	0.000	0.000
656	  R	  0.4	  0.7	0.000	0.000	0.000
657	  V	  0.4	  0.1	0.000	0.000	0.000
658	  G	  0.4	  0.3	0.453	0.000	0.000
659	  P	  0.0	  0.3	0.453	0.293	0.293
660	  L	  0.2	  0.3	0.453	29.836	29.836
661	  L	  0.5	  0.2	0.453	34.846	34.846
662	  A	  0.9	  0.0	0.453	34.846	34.846
663	  C	  3.9	  0.0	0.453	34.846	34.846
664	  I	  5.6	  0.0	0.207	34.846	34.846
665	  I	  5.3	  0.2	0.207	32.655	32.655
666	  G	  2.1	  0.2	0.207	4.061	4.061
667	  T	  2.4	  0.2	0.122	1.514	1.514
668	  Q	  4.4	  0.2	0.122	0.000	0.000
669	  F	  5.8	  0.1	0.122	0.000	0.000
670	  R	  3.8	  0.1	0.122	0.000	0.000
671	  K	  2.5	  0.1	0.122	0.000	0.000
672	  L	  1.2	  0.6	0.122	0.000	0.000
673	  R	  0.9	  0.8	0.122	0.000	0.000
674	  D	  0.2	  1.7	0.122	0.000	0.000
675	  G	  0.0	  1.7	0.122	0.000	0.000
676	  D	  0.1	  1.2	0.000	0.000	0.000
677	  R	  1.2	  1.0	0.000	0.000	0.000
678	  F	  2.0	  0.1	0.000	0.000	0.000
679	  W	  3.0	  0.0	0.000	0.000	0.000
680	  W	  2.4	  0.2	0.000	0.000	0.000
681	  E	  1.6	  0.2	0.000	0.000	0.000
682	  N	  0.6	  0.6	0.000	0.000	0.000
683	  E	  0.0	  0.6	0.000	0.000	0.000
684	  G	  0.0	  0.4	0.000	0.000	0.000
685	  V	  4.7	  0.3	0.000	0.134	0.134
686	  F	  8.0	  0.0	0.000	0.134	0.134
687	  S	  8.6	  0.0	1.323	0.134	0.134
688	  M	  4.3	  0.0	1.323	0.134	0.134
689	  Q	  1.1	  0.1	1.521	0.134	0.134
690	  Q	  0.9	  0.1	1.521	0.000	0.000
691	  R	  0.9	  0.1	1.521	0.000	0.000
692	  Q	  0.9	  0.1	1.521	0.000	0.000
693	  A	  0.4	  0.1	1.228	0.000	0.000
694	  L	  0.3	  0.0	1.228	0.000	0.000
695	  A	  0.4	  0.0	1.061	0.000	0.000
696	  Q	  1.3	  0.0	0.918	0.000	0.000
697	  I	  8.3	  0.0	0.162	0.000	0.000
698	  S	  8.2	  0.0	0.162	0.000	0.000
699	  L	  7.3	  0.0	0.000	0.000	0.000
700	  P	  0.1	  0.0	0.000	0.000	0.000
701	  R	  5.3	  0.0	0.000	0.000	0.000
702	  I	  7.3	  0.0	0.000	0.000	0.000
703	  I	  7.4	  0.0	0.000	0.000	0.000
704	  C	  2.4	  0.3	0.000	0.000	0.000
705	  D	  0.3	  0.4	0.000	0.000	0.000
706	  N	  0.2	  0.5	0.000	0.000	0.000
707	  T	  0.1	  0.6	0.000	0.406	0.406
708	  G	  0.3	  0.3	0.000	0.406	0.406
709	  I	  3.4	  0.2	0.000	0.406	0.406
710	  T	  5.3	  0.1	0.000	0.406	0.406
711	  T	 22.1	  0.0	0.000	0.406	0.406
712	  V	 19.8	  0.0	0.000	0.406	0.406
713	  S	 18.4	  1.5	0.000	0.000	0.000
714	  K	  1.5	  1.5	0.000	0.000	0.000
715	  N	  0.7	  1.5	0.000	0.000	0.000
716	  N	  2.4	  1.5	0.000	0.000	0.000
717	  I	  3.8	  0.0	0.000	0.000	0.000
718	  F	  4.8	  0.1	0.000	0.000	0.000
719	  M	  2.7	  0.3	0.000	0.000	0.000
720	  S	  1.3	  0.5	0.000	0.000	0.000
721	  N	  1.8	  0.5	0.000	0.000	0.000
722	  S	  2.0	  0.4	0.000	0.000	0.000
723	  Y	  2.0	  0.5	0.000	0.000	0.000
724	  P	  0.3	  0.5	0.000	0.000	0.000
725	  R	  0.2	  0.5	0.000	0.000	0.000
726	  D	  0.6	  0.5	0.000	0.000	0.000
727	  F	  2.3	  0.3	0.000	0.000	0.000
728	  V	  6.0	  0.1	0.000	0.000	0.000
729	  N	  6.2	  0.3	0.000	0.000	0.000
730	  C	  4.7	  0.5	0.000	0.000	0.000
731	  S	  1.2	  0.4	0.000	0.000	0.000
732	  T	  0.8	  0.4	0.000	0.000	0.000
733	  L	  0.6	  0.1	0.000	0.000	0.000
734	  P	  0.2	  0.0	0.300	0.000	0.000
735	  A	  0.2	  0.0	0.300	0.000	0.000
736	  L	  1.7	  0.0	0.300	0.000	0.000
737	  N	  1.7	  0.0	0.677	0.000	0.000
738	  L	  1.7	  0.3	0.677	0.000	0.000
739	  A	  0.7	  0.3	0.677	0.000	0.000
740	  S	  5.4	  0.3	0.555	0.000	0.000
741	  W	  5.6	  0.3	0.377	0.000	0.000
742	  R	  5.1	  0.1	0.377	0.000	0.000
743	  E	  0.5	  0.1	0.120	0.000	0.000
744	  A	  0.1	  0.1	0.000	0.000	0.000
745	  S	  0.1	  0.0	0.000	0.000	0.000
