res	aa	Beta	Turn	Helix	Aggregation	Conc-Stab_Aggregation
01	  M	  0.8	  0.0	0.000	0.000	0.000
02	  K	  1.2	  0.0	0.000	0.000	0.000
03	  W	  1.6	  0.0	0.000	54.791	54.791
04	  V	  9.4	  0.0	0.000	81.654	81.654
05	  T	 11.3	  0.0	0.129	87.916	87.916
06	  F	 11.7	  0.1	0.129	98.434	98.434
07	  I	  6.5	  0.1	0.129	99.291	99.291
08	  S	  4.4	  0.1	0.880	99.355	99.355
09	  L	  4.0	  0.1	0.880	99.935	99.935
10	  L	  1.4	  0.0	0.880	99.936	99.936
11	  F	  1.9	  0.0	0.880	99.843	99.843
12	  L	  2.1	  0.0	0.751	98.686	98.686
13	  F	  2.9	  0.1	0.751	92.360	92.360
14	  S	  2.3	  0.2	0.222	14.266	14.266
15	  S	  1.9	  0.2	0.000	4.563	4.563
16	  A	  0.9	  0.2	0.000	3.341	3.341
17	  Y	  2.5	  0.2	0.000	2.307	2.307
18	  S	  2.3	  0.4	0.000	0.255	0.255
19	  R	  1.8	  0.4	0.000	0.000	0.000
20	  G	  0.2	  0.4	0.000	0.000	0.000
21	  V	  2.6	  0.2	0.000	0.000	0.000
22	  F	  4.5	  0.0	0.000	0.000	0.000
23	  R	  4.6	  0.1	0.000	0.000	0.000
24	  R	  2.2	  0.1	0.000	0.000	0.000
25	  E	  0.7	  0.1	0.000	0.000	0.000
26	  A	  0.7	  0.1	0.000	0.000	0.000
27	  H	  1.1	  0.3	0.000	0.000	0.000
28	  K	  0.9	  0.3	0.000	0.000	0.000
29	  S	  0.8	  0.3	0.416	0.000	0.000
30	  E	  1.1	  0.3	0.416	0.000	0.000
31	  I	  1.3	  0.0	0.416	0.000	0.000
32	  A	  1.4	  0.0	0.416	0.000	0.000
33	  H	  1.5	  0.0	0.416	0.000	0.000
34	  R	  5.6	  0.0	0.416	0.000	0.000
35	  F	  5.8	  0.2	0.213	0.000	0.000
36	  N	  5.1	  0.1	0.000	0.000	0.000
37	  D	  0.6	  0.5	0.000	0.000	0.000
38	  V	  0.2	  0.6	0.000	0.000	0.000
39	  G	  0.1	  0.6	0.000	0.000	0.000
40	  E	  0.3	  0.6	0.000	0.000	0.000
41	  E	  0.6	  0.2	0.000	0.000	0.000
42	  H	  3.3	  0.1	0.000	0.296	0.296
43	  F	  3.6	  0.2	0.000	78.215	78.215
44	  I	  3.4	  0.2	0.000	87.541	87.541
45	  G	  0.7	  0.2	0.070	88.485	88.485
46	  L	  1.5	  0.2	0.070	97.943	97.943
47	  V	  3.1	  0.0	0.070	99.563	99.563
48	  L	  3.3	  0.0	0.070	99.488	99.488
49	  I	 15.4	  0.0	0.070	98.885	98.885
50	  T	 39.3	  0.0	0.159	92.193	92.193
51	  F	 40.3	  0.0	0.159	87.598	87.598
52	  S	 29.7	  0.0	0.209	29.862	29.862
53	  Q	  3.1	  0.0	0.209	22.729	22.729
54	  Y	  1.6	  0.0	0.209	22.450	22.450
55	  L	  1.4	  0.0	0.209	21.486	21.486
56	  Q	  0.9	  0.0	0.209	0.810	0.810
57	  K	  0.4	  0.0	0.209	0.000	0.000
58	  A	  0.2	  0.2	0.000	0.000	0.000
59	  P	  0.0	  0.1	0.000	0.000	0.000
60	  Y	  0.8	  0.2	0.000	0.000	0.000
61	  E	  0.9	  0.3	0.312	0.000	0.000
62	  E	  1.1	  0.1	0.312	0.000	0.000
63	  H	  0.6	  0.3	0.312	0.000	0.000
64	  A	  0.7	  0.2	0.312	0.000	0.000
65	  K	  1.1	  0.2	0.312	0.000	0.000
66	  L	  1.4	  0.2	0.312	0.514	0.514
67	  V	  2.7	  0.1	0.117	0.514	0.514
68	  K	  2.6	  0.0	0.117	0.514	0.514
69	  E	  7.3	  0.0	0.000	0.514	0.514
70	  V	  7.2	  0.1	0.000	0.514	0.514
71	  T	  6.8	  0.1	1.698	0.192	0.192
72	  D	  1.7	  0.1	2.413	0.000	0.000
73	  L	  0.2	  0.1	2.413	0.000	0.000
74	  A	  0.1	  0.1	2.413	0.000	0.000
75	  K	  0.2	  0.0	2.413	0.000	0.000
76	  A	  0.4	  0.0	2.413	0.000	0.000
77	  C	  6.1	  0.0	1.587	0.000	0.000
78	  V	  6.6	  0.1	0.238	0.000	0.000
79	  A	  6.4	  0.2	0.238	0.000	0.000
80	  D	  0.7	  1.9	1.634	0.000	0.000
81	  E	  0.1	  1.9	1.634	0.000	0.000
82	  S	  0.2	  1.8	1.783	0.000	0.000
83	  A	  0.2	  2.3	1.783	0.000	0.000
84	  A	  0.2	  0.5	1.783	0.000	0.000
85	  N	  0.5	  1.2	1.783	0.000	0.000
86	  C	  0.8	  1.3	1.005	0.000	0.000
87	  D	  0.8	  1.5	0.483	0.000	0.000
88	  K	  0.6	  1.5	0.161	0.000	0.000
89	  S	  0.9	  0.8	0.335	0.000	0.000
90	  L	  1.0	  0.8	0.335	0.000	0.000
91	  H	  1.6	  0.1	0.335	0.000	0.000
92	  D	  2.1	  0.0	0.335	0.000	0.000
93	  I	  3.0	  0.0	0.335	0.000	0.000
94	  F	  2.3	  1.9	0.335	0.000	0.000
95	  G	  1.1	  2.0	0.169	0.000	0.000
96	  D	  0.1	  2.0	0.424	0.000	0.000
97	  K	  0.8	  2.0	0.424	0.000	0.000
98	  I	  1.5	  0.1	0.424	0.000	0.000
99	  C	  2.8	  0.0	0.424	0.000	0.000
100	  A	  2.1	  0.0	0.424	0.000	0.000
101	  L	  1.5	  0.3	0.424	0.000	0.000
102	  P	  0.0	  0.4	0.000	0.000	0.000
103	  S	  2.0	  0.4	0.000	0.000	0.000
104	  L	  2.1	  0.5	0.000	0.000	0.000
105	  R	  2.2	  0.2	0.000	0.000	0.000
106	  D	  2.1	  0.2	0.000	0.000	0.000
107	  T	  2.9	  0.2	0.000	0.000	0.000
108	  Y	  2.8	  1.9	0.000	0.000	0.000
109	  G	  1.1	  1.9	0.000	0.000	0.000
110	  D	  0.2	  1.9	0.000	0.000	0.000
111	  V	  0.8	  2.1	0.000	0.000	0.000
112	  A	  0.8	  0.3	0.000	0.000	0.000
113	  D	  1.7	  0.3	0.147	0.000	0.000
114	  C	 13.8	  0.3	0.147	0.000	0.000
115	  C	 16.2	  0.1	0.147	0.000	0.000
116	  E	 15.5	  0.1	0.147	0.000	0.000
117	  K	  3.8	  0.1	0.147	0.000	0.000
118	  K	  1.0	  0.1	0.147	0.000	0.000
119	  E	  0.5	  0.0	0.000	0.000	0.000
120	  P	  0.0	  0.1	0.000	0.000	0.000
121	  E	  0.3	  0.2	0.000	0.000	0.000
122	  R	  0.3	  0.2	0.000	0.000	0.000
123	  N	  0.3	  0.3	0.000	0.000	0.000
124	  E	  0.5	  0.2	0.000	0.000	0.000
125	  C	  2.3	  0.1	0.000	0.000	0.000
126	  F	  2.9	  0.0	0.000	0.000	0.000
127	  L	  3.0	  0.0	0.000	0.000	0.000
128	  H	  1.9	  0.0	0.000	0.000	0.000
129	  H	  1.4	  0.8	0.000	0.000	0.000
130	  K	  0.8	  1.1	0.000	0.000	0.000
131	  D	  0.2	  1.1	0.000	0.000	0.000
132	  D	  0.0	  1.1	0.000	0.000	0.000
133	  K	  0.0	  1.8	0.000	0.000	0.000
134	  P	  0.0	  1.5	0.000	0.000	0.000
135	  D	  0.0	  1.5	0.000	0.000	0.000
136	  L	  0.0	  1.5	0.000	0.000	0.000
137	  P	  0.0	  0.0	0.000	0.000	0.000
138	  P	  0.0	  0.0	0.000	0.000	0.000
139	  F	  1.3	  0.0	0.000	0.000	0.000
140	  A	  1.4	  0.0	0.000	0.000	0.000
141	  R	  1.4	  0.2	0.000	0.000	0.000
142	  P	  0.0	  0.2	0.000	0.000	0.000
143	  E	  0.1	  0.4	0.000	0.000	0.000
144	  A	  0.2	  0.4	0.000	0.000	0.000
145	  D	  0.3	  0.2	0.434	0.000	0.000
146	  V	  2.7	  0.2	0.434	0.000	0.000
147	  L	  2.7	  0.0	0.434	0.000	0.000
148	  C	  3.7	  0.1	0.434	0.000	0.000
149	  K	  1.3	  0.1	0.434	0.000	0.000
150	  A	  1.7	  0.1	0.434	0.000	0.000
151	  F	  1.4	  0.1	0.266	0.000	0.000
152	  H	  1.3	  0.4	0.121	0.000	0.000
153	  D	  0.8	  0.6	0.815	0.000	0.000
154	  D	  0.1	  0.7	1.480	0.000	0.000
155	  E	  0.1	  0.7	1.480	0.000	0.000
156	  K	  0.2	  0.3	1.480	0.400	0.400
157	  A	  0.5	  0.2	1.480	2.906	2.906
158	  F	  1.4	  0.2	1.480	10.650	10.650
159	  F	  1.4	  0.6	0.911	10.650	10.650
160	  G	  1.2	  0.6	0.146	10.650	10.650
161	  H	  1.6	  0.6	0.276	10.650	10.650
162	  Y	  2.2	  0.3	0.695	10.650	10.650
163	  L	  2.2	  0.0	1.062	10.534	10.534
164	  Y	  9.2	  0.0	2.195	9.553	9.553
165	  E	 10.1	  0.0	2.425	0.400	0.400
166	  V	 10.9	  0.0	2.425	0.400	0.400
167	  A	  2.8	  0.0	2.425	0.400	0.400
168	  R	  1.8	  0.0	2.425	0.000	0.000
169	  R	  0.9	  0.0	2.425	0.000	0.000
170	  H	  0.7	  0.4	1.111	0.000	0.000
171	  P	  0.1	  0.4	0.000	0.000	0.000
172	  Y	  1.5	  0.4	0.000	0.000	0.000
173	  F	  5.5	  0.4	0.000	0.000	0.000
174	  Y	  5.7	  0.0	0.000	0.000	0.000
175	  A	  4.2	  0.2	0.000	0.000	0.000
176	  P	  0.2	  0.2	0.000	0.000	0.000
177	  E	  0.0	  0.2	0.000	0.000	0.000
178	  L	  0.6	  0.2	0.000	34.707	34.707
179	  L	  1.2	  0.1	0.000	34.944	34.944
180	  Y	  2.9	  0.0	0.951	34.944	34.944
181	  Y	  2.9	  0.0	0.951	34.944	34.944
182	  A	  2.4	  0.0	0.951	34.944	34.944
183	  Q	  1.3	  0.0	0.951	1.533	1.533
184	  K	  1.8	  0.0	0.951	0.000	0.000
185	  Y	  2.9	  0.1	0.951	0.000	0.000
186	  K	  2.5	  0.0	0.571	0.000	0.000
187	  A	  2.0	  0.0	0.000	0.000	0.000
188	  I	  2.4	  0.0	0.000	0.000	0.000
189	  L	  2.2	  0.0	0.000	0.000	0.000
190	  T	  1.7	  0.1	0.000	0.000	0.000
191	  E	  1.3	  0.1	0.000	0.000	0.000
192	  C	 13.8	  0.1	0.000	0.000	0.000
193	  C	 17.2	  0.1	0.480	0.000	0.000
194	  E	 16.2	  0.1	0.480	0.000	0.000
195	  A	  4.2	  0.4	0.480	0.000	0.000
196	  A	  0.1	  0.5	0.480	0.000	0.000
197	  D	  0.0	  1.6	0.480	0.000	0.000
198	  K	  0.0	  1.7	0.480	0.000	0.000
199	  G	  0.0	  1.3	0.278	0.000	0.000
200	  A	  0.3	  1.2	0.104	0.000	0.000
201	  C	  1.0	  0.1	0.000	0.000	0.000
202	  L	  1.1	  0.0	0.000	0.000	0.000
203	  T	  0.9	  0.2	0.000	0.000	0.000
204	  P	  0.2	  0.3	0.000	0.000	0.000
205	  K	  0.7	  0.8	0.000	0.000	0.000
206	  L	  0.7	  1.0	0.000	0.000	0.000
207	  D	  0.7	  1.1	0.000	0.000	0.000
208	  G	  0.1	  1.2	0.000	0.000	0.000
209	  G	  0.0	  0.7	0.000	0.000	0.000
210	  G	  0.0	  1.3	0.000	0.000	0.000
211	  G	  0.0	  1.2	0.000	0.000	0.000
212	  S	  0.0	  1.4	0.000	0.000	0.000
213	  G	  0.0	  1.5	0.000	0.000	0.000
214	  G	  0.0	  0.8	0.000	0.000	0.000
215	  G	  0.0	  1.4	0.000	0.000	0.000
216	  G	  0.0	  1.2	0.000	0.000	0.000
217	  S	  0.0	  1.4	0.000	0.000	0.000
218	  G	  0.0	  1.5	0.000	0.000	0.000
219	  G	  0.0	  0.9	0.000	0.000	0.000
220	  G	  0.0	  1.0	0.000	0.000	0.000
221	  A	  0.2	  0.6	0.000	0.000	0.000
222	  S	  0.3	  0.5	0.000	0.000	0.000
223	  A	  0.3	  0.3	0.000	0.000	0.000
224	  A	  0.1	  0.0	0.000	0.000	0.000
